HD|Mtex|20230508|1|
PM|Y0000044958|Y0000044958|NTP TIKET TRAVEL MBL|JL.MONGINSIDI NO.33|LANTAI 2|MAKASSAR|90111|9011162717|392|||021|0000||||8|V|5999|M|5999|4|email@gmailcom|||PRAJITNO YOEDHO POERWORO||021|0000|081241020018||||009|0090010|0000|S|PRAJITNO YOEDHO POERWORO|00001|NTP TIKET TRAVEL MBL|JL.MONGINSIDI NO.33|LANTAI 2|MAKASSAR|90111|9011162717|392|021|0000||||0000000000000000|0000|7|9914||0|0|0|0|9|99|||02|2|5|0|||||||N|0|000000000000|0|Y|100000000000|20230506|034706|||||07|1991100514|null|1991100514|null|E01|E01005|00001|E0012|1204|Y|1|1|00001||01||null|||0|01|0|0|0|N||01|||
PO|Y0000044958|0000000000000000|PRAJITNO YOEDHO POERWORO|JL.MONGINSIDI NO.33|LANTAI 2|MAKASSAR|90111|9011162717|392|||081241020018||||email@gmailcom|
MB|Y0000044958|009|000100207083882|Y|009|0090010|0000|S|PRAJITNO YOEDHO POERWORO|9|||00001|20230506|035021|||100|VM0J000000||0|100000000000|00001|00001|2|||0|01|0|
ED|Y0000044958|00052635|20230506|1|06|1|1|0|1|||null|00000000|00000000|||||
EM|Y0000044958|00052635|009|07388300|20230506|Y|0|
FT|Y0000044958|00052635|009|01|Y|0|20230506|29991231|||N||0|0|0|0|0|0|0|1111111111110000|1111111111111110000|1||N|0|0|0|0|0|1111|1111111111110000|1111111111111110000||1111||0|0|
FT|Y0000044958|00052635|009|02|Y|0|20230506|29991231|||N||0|0|0|0|0|0|0|1111111111110000|1111111111111110000|1||N|0|0|0|0|0|1111|1111111111110000|1111111111111110000||1111||0|0|
FT|Y0000044958|00052635|009|03|Y|0|20230506|29991231|||N||0|0|0|0|0|0|0|1111111111110000|1111111111111110000|1||N|0|0|0|0|0|1111|1111111111110000|1111111111111110000||1111||0|0|
FT|Y0000044958|00052635|009|06|Y|3|20230506|29991231|||N||0|0|0|0|0|0|0|1111111111110000|1111111111111110000|1||N|0|0|0|0|0|1111|1111111111110000|1111111111111110000||1111||0|0|
FT|Y0000044958|00052635|009|07|Y|6|20230506|29991231|||N||0|0|0|0|0|0|0|1111111111110000|1111111111111110000|1||N|0|0|0|0|0|1111|1111111111110000|1111111111111110000||1111||0|0|
FT|Y0000044958|00052635|009|09|Y|12|20230506|29991231|||N||0|0|0|0|0|0|0|1111111111110000|1111111111111110000|1||N|0|0|0|0|0|1111|1111111111110000|1111111111111110000||1111||0|0|
FT|Y0000044958|00052635|009|10|Y|18|20230506|29991231|||N||0|0|0|0|0|0|0|1111111111110000|1111111111111110000|1||N|0|0|0|0|0|1111|1111111111110000|1111111111111110000||1111||0|0|
FT|Y0000044958|00052635|009|11|Y|24|20230506|29991231|||N||0|0|0|0|0|0|0|1111111111110000|1111111111111110000|1||N|0|0|0|0|0|1111|1111111111110000|1111111111111110000||1111||0|0|
FT|Y0000044958|00052635|009|20|Y|0|20230506|29991231|||N||0|0|0|0|0|0|0|1111111111110000|1111111111111110000|1||N|0|0|0|0|0|1111|1111111111110000|1111111111111110000||1111||0|0|
FT|Y0000044958|00052635|009|60|Y|0|20230506|29991231|||N||0|0|0|0|0|0|0|1111111111110000|1111111111111110000|1||N|0|0|0|0|0|1111|1111111111110000|1111111111111110000||1111||0|0|
FT|Y0000044958|00052635|009|30|Y|0|20230506|29991231|||N||0|0|0|0|0|0|0|1111111111110000|1111111111111110000|1||N|0|0|0|0|0|1111|1111111111110000|1111111111111110000||1111||0|0|
FT|Y0000044958|00052635|009|44|Y|0|20230506|29991231|||N||0|0|0|0|0|0|0|1111111111110000|1111111111111110000|1||N|0|0|0|0|0|1111|1111111111110000|1111111111111110000||1111||0|0|
MD|Y0000044958|009|01||V|1|20230506|29991231|1|0.00|0|
MD|Y0000044958|009|01||V|2|20230506|29991231|1|0.00|0|
MD|Y0000044958|009|01||M|1|20230506|29991231|1|0.00|0|
MD|Y0000044958|009|01||M|2|20230506|29991231|1|0.00|0|
MD|Y0000044958|009|01||J|1|20230506|29991231|1|0.00|0|
MD|Y0000044958|009|01||J|2|20230506|29991231|1|0.00|0|
MD|Y0000044958|009|03||E|1|20230506|29991231|1|0.00|0|
MD|Y0000044958|009|09|12|V|1|20230506|29991231|1|0.00|0|
MD|Y0000044958|009|09|12|M|1|20230506|29991231|1|0.00|0|
MD|Y0000044958|009|09|12|J|1|20230506|29991231|1|0.00|0|
MD|Y0000044958|009|06|3|V|1|20230506|29991231|1|0.00|0|
MD|Y0000044958|009|06|3|M|1|20230506|29991231|1|0.00|0|
MD|Y0000044958|009|06|3|J|1|20230506|29991231|1|0.00|0|
MD|Y0000044958|009|11|24|V|1|20230506|29991231|1|0.00|0|
MD|Y0000044958|009|11|24|M|1|20230506|29991231|1|0.00|0|
MD|Y0000044958|009|11|24|J|1|20230506|29991231|1|0.00|0|
MD|Y0000044958|009|10|18|V|1|20230506|29991231|1|0.00|0|
MD|Y0000044958|009|10|18|M|1|20230506|29991231|1|0.00|0|
MD|Y0000044958|009|10|18|J|1|20230506|29991231|1|0.00|0|
MD|Y0000044958|009|07|6|V|1|20230506|29991231|1|0.00|0|
MD|Y0000044958|009|07|6|M|1|20230506|29991231|1|0.00|0|
MD|Y0000044958|009|07|6|J|1|20230506|29991231|1|0.00|0|
MD|Y0000044958|009|44||E|1|20230506|29991231|1|0.00|0|
MD|Y0000044958|009|44||E|2|20230506|29991231|1|0.00|0|
MD|Y0000044958|009|02||V|1|20230506|29991231|1|0.00|0|
MD|Y0000044958|009|02||E|1|20230506|29991231|1|0.00|0|
MD|Y0000044958|009|02||1|2|20230506|29991231|1|0.00|0|
MD|Y0000044958|009|02||2|2|20230506|29991231|1|0.00|0|
MD|Y0000044958|009|02||4|2|20230506|29991231|1|0.00|0|
QR|Y0000044958|01|04|UKE|||||20230506|29991231|
QR|Y0000044958|01|05|5999|||||20230506|29991231|
QR|Y0000044958|01|06|D|||||20230506|29991231|
QR|Y0000044958|01|07|90111|||||20230506|29991231|
IN|Y0000044958|009|3|20230506|29991231|1|999999999|0||
IN|Y0000044958|009|6|20230506|29991231|1|999999999|0||
IN|Y0000044958|009|12|20230506|29991231|1|999999999|0||
IN|Y0000044958|009|18|20230506|29991231|1|999999999|0||
IN|Y0000044958|009|24|20230506|29991231|1|999999999|0||
TL|57|